-609.754 -1695.275 -611.232 1554.96 -23.4882
-1002.098 72.8031 2216.192 -281.9879 -762.1508
-66.21 2271.928 584.9626 -800.6585 904.2395
2618.766 752.405 -977.8906 753.1976 1568.924
760.6846 -1448.14 796.3226 1860.504 539.0195
-80.3336 -448.087 2633.464 -47.7549 -1206.788
698.8096 2415.649 626.9117 -1360.525 349.0542
1852.8 1008.456 -1642.278 1138.193 2016.168
607.5632 -663.3289 1303.814 1634.034 1771.806
-1087.98 1483.821 1466.947 1408.499 -1548.767
1202.189 2775.03 1861.587 527.78 1698.128
4011.478 1167.859 982.358 471.6184 3675.858
1099.114 -716.4167 1045.107 2541.295 1255.896
100.9561 1556.616 2781.144 1338.006 -533.8725
1484.14 1942.735 1916.388 -1137.881 1788.09
1371.918 1610.596 -1200.175 2448.013 2055.825
2495.239 -1247.832 1860.388 2061.7 1790.59
-468.3564 1954.246 3135.579 2573.132 798.3005
3347.833 3943.654 3113.257 549.7163 2094.281
3885.394 1074.094 923.4557 892.173 2986.322
1882.819 -98.1146 2545.74 3148.755 3025.251
-200.7042 3001.492 4530.707 2959.056 2479.821
3211.053 5187.527 3356.563 1731.863 3291.434
4408.756 3875.646 1252.562 3532.313 3137.459
2710.613 176.823 2115.708 4135.706 2125.704
1772.776 1919.755 4649.194 1756.811 1277.158
1958.233 4874.556 2476.289 1571.016 2083.794
4080.489 2434.794 850.352 3791.013 4873.075
4137.982 2737.671 4327.665 6549.266 4464.318
2270.609 3568.039 5100.988 3406.43 1528.268
3817.191 4616.568 3800.745 2179.426 4602.614
4906.264 5326.639 1572.594 4756.101 5227.158
4605.803 2787.997 4764.524 5675.436 4785.141
3412.119 5211.489 6542.921 5862.591 3605.307
5875.758 7549.591 5344.726 4295.388 5469.28
6794.205 4890.4 2286.053 4396.93 5605.424
